1 4
1 145
1 161
2 4
2 49
2 50
2 59
2 145
3 9
3 12
3 16
3 30
3 44
3 47
3 53
3 54
3 56
3 58
3 60
3 67
3 72
3 80
3 82
3 101
3 102
3 103
3 109
3 112
3 124
3 125
3 134
3 136
3 139
3 153
3 154
3 174
4 2
4 49
4 50
4 79
4 97
4 138
4 142
4 145
5 31
5 37
5 108
5 131
5 137
5 173
5 174
6 140
7 145
8 29
8 44
8 60
8 77
8 82
8 85
8 92
8 124
8 127
8 161
8 174
9 12
9 30
9 42
9 43
9 44
9 58
9 72
9 74
9 77
9 82
9 111
9 124
9 134
9 139
9 153
9 154
9 155
11 145
12 16
12 44
12 47
12 53
12 56
12 58
12 60
12 67
12 77
12 80
12 82
12 102
12 103
12 111
12 112
12 124
12 125
12 134
12 136
12 153
12 154
12 155
12 174
13 122
14 62
15 4
15 119
15 145
15 161
16 3
16 9
16 12
16 30
16 43
16 44
16 47
16 53
16 54
16 56
16 58
16 60
16 67
16 72
16 74
16 77
16 80
16 82
16 101
16 102
16 103
16 109
16 112
16 124
16 125
16 134
16 136
16 139
16 150
16 153
16 154
16 155
16 168
16 174
17 4
17 138
17 142
17 145
17 174
18 145
19 53
19 82
19 112
19 150
19 154
20 86
20 140
20 145
21 145
22 4
22 5
22 131
23 76
23 174
24 145
25 4
25 75
25 89
25 94
25 118
25 119
25 132
25 145
25 161
25 178
26 4
26 145
26 161
27 4
27 145
29 8
29 30
29 44
29 58
29 60
29 77
29 85
29 108
29 124
29 174
30 9
30 77
31 5
31 108
31 131
31 145
32 4
32 76
32 140
32 145
32 161
33 144
33 145
33 147
34 145
35 145
36 4
36 161
37 5
37 23
37 108
37 130
37 131
37 145
37 174
38 4
38 53
38 58
38 76
38 85
38 145
38 168
40 37
40 108
40 130
40 145
42 44
42 67
42 77
42 82
42 111
42 124
42 134
43 3
43 9
43 12
43 16
43 30
43 44
43 47
43 53
43 54
43 58
43 60
43 72
43 74
43 77
43 82
43 101
43 102
43 124
43 134
43 139
43 153
43 155
43 174
44 3
44 9
44 12
44 16
44 43
44 47
44 53
44 54
44 56
44 58
44 60
44 67
44 72
44 74
44 77
44 80
44 82
44 85
44 101
44 102
44 103
44 112
44 124
44 125
44 134
44 136
44 153
44 154
44 155
44 174
45 4
46 32
46 76
46 145
47 3
47 12
47 16
47 44
47 53
47 54
47 56
47 58
47 60
47 67
47 72
47 77
47 80
47 82
47 92
47 101
47 102
47 103
47 112
47 124
47 125
47 134
47 136
47 153
47 154
47 155
47 174
48 130
48 145
49 2
49 4
49 167
50 2
50 5
50 31
50 37
50 108
50 130
50 131
50 145
51 4
51 79
51 84
51 138
51 142
51 145
51 174
53 3
53 12
53 16
53 30
53 44
53 47
53 54
53 56
53 58
53 60
53 67
53 72
53 77
53 80
53 82
53 101
53 102
53 103
53 112
53 124
53 125
53 136
53 153
53 154
53 155
53 174
54 3
54 12
54 16
54 30
54 42
54 44
54 47
54 53
54 56
54 58
54 60
54 67
54 72
54 77
54 80
54 82
54 101
54 102
54 103
54 112
54 124
54 125
54 134
54 136
54 139
54 153
54 154
54 155
54 174
55 145
56 9
56 12
56 16
56 42
56 44
56 47
56 53
56 54
56 58
56 60
56 67
56 77
56 80
56 82
56 92
56 101
56 102
56 103
56 111
56 112
56 124
56 125
56 134
56 136
56 153
56 154
56 155
56 174
57 161
58 3
58 12
58 44
58 47
58 53
58 56
58 60
58 72
58 77
58 82
58 85
58 101
58 102
58 103
58 124
58 134
58 136
58 153
58 154
58 155
58 174
59 2
59 4
59 145
59 161
60 3
60 12
60 16
60 29
60 30
60 44
60 47
60 53
60 54
60 58
60 72
60 77
60 82
60 85
60 101
60 102
60 124
60 125
60 134
60 139
60 153
60 155
60 174
61 44
61 53
61 82
61 92
61 124
61 172
62 4
62 33
62 64
62 144
62 145
62 147
63 4
64 62
64 144
64 147
64 161
65 62
65 144
66 4
66 108
67 9
67 12
67 16
67 42
67 44
67 47
67 53
67 56
67 58
67 60
67 77
67 80
67 82
67 92
67 102
67 111
67 112
67 124
67 125
67 134
67 136
67 139
67 153
67 154
67 155
67 168
67 174
68 24
68 145
69 108
69 148
70 130
70 145
71 40
71 108
71 130
71 148
72 3
72 9
72 12
72 16
72 19
72 30
72 43
72 44
72 47
72 53
72 54
72 56
72 58
72 60
72 67
72 74
72 77
72 80
72 82
72 101
72 102
72 103
72 112
72 124
72 125
72 134
72 136
72 139
72 150
72 153
72 154
72 155
72 174
74 9
74 12
74 16
74 43
74 44
74 47
74 53
74 54
74 56
74 58
74 60
74 67
74 72
74 77
74 82
74 101
74 102
74 103
74 112
74 124
74 125
74 134
74 136
74 139
74 153
74 154
74 155
74 174
75 4
75 25
75 79
75 89
75 93
75 97
75 119
75 132
75 138
75 142
75 145
75 161
76 32
76 145
76 161
77 12
77 42
77 44
77 53
77 58
77 82
77 111
77 124
77 155
78 4
78 32
78 76
78 138
78 140
78 142
78 145
79 2
79 4
79 49
79 51
79 93
79 97
79 138
79 142
79 145
80 3
80 12
80 16
80 29
80 30
80 44
80 47
80 53
80 54
80 56
80 58
80 60
80 67
80 72
80 82
80 101
80 102
80 103
80 111
80 112
80 124
80 125
80 134
80 136
80 153
80 154
80 155
80 174
81 92
81 174
82 9
82 12
82 16
82 42
82 44
82 47
82 53
82 54
82 56
82 58
82 60
82 67
82 77
82 80
82 101
82 102
82 103
82 111
82 112
82 124
82 125
82 134
82 136
82 139
82 153
82 154
82 155
82 174
83 24
83 130
83 145
84 4
84 51
84 79
84 145
84 174
85 44
85 58
85 60
85 77
85 92
85 124
85 145
85 161
85 174
86 32
86 76
86 140
87 145
88 32
88 76
88 86
88 140
88 175
89 4
89 75
89 94
89 118
89 119
89 132
89 145
89 161
89 178
90 161
91 24
91 145
92 44
92 77
92 124
92 174
93 2
93 4
93 50
93 75
93 79
93 97
93 138
93 142
93 145
93 174
94 4
94 89
94 119
94 145
94 161
94 178
95 4
96 53
96 67
96 92
97 2
97 4
97 49
97 79
97 138
97 142
97 145
97 161
97 167
98 24
98 145
99 4
99 119
99 161
100 145
101 9
101 12
101 16
101 44
101 47
101 53
101 54
101 56
101 58
101 60
101 67
101 77
101 80
101 82
101 102
101 103
101 111
101 112
101 124
101 125
101 134
101 136
101 153
101 154
101 155
101 174
102 12
102 16
102 30
102 44
102 47
102 53
102 56
102 58
102 60
102 67
102 77
102 80
102 82
102 103
102 111
102 112
102 124
102 125
102 134
102 136
102 153
102 154
102 155
102 174
103 3
103 9
103 12
103 16
103 42
103 44
103 47
103 53
103 54
103 56
103 58
103 60
103 67
103 72
103 77
103 80
103 82
103 101
103 102
103 112
103 124
103 125
103 134
103 136
103 153
103 154
103 155
103 174
104 4
104 142
104 145
104 174
105 9
107 4
107 145
107 161
108 145
109 3
109 9
109 12
109 16
109 44
109 53
109 60
109 67
109 74
109 82
109 124
109 150
109 154
109 174
110 144
110 161
111 9
111 12
111 42
111 44
111 47
111 53
111 58
111 67
111 77
111 82
111 102
111 124
111 155
112 3
112 9
112 12
112 16
112 19
112 30
112 44
112 47
112 53
112 54
112 56
112 58
112 60
112 67
112 72
112 80
112 82
112 101
112 102
112 103
112 109
112 124
112 125
112 134
112 136
112 139
112 150
112 153
112 154
112 155
112 174
113 4
113 32
113 140
113 145
113 161
114 4
114 145
114 161
115 4
115 167
116 4
116 145
116 182
118 4
118 89
118 119
118 145
118 161
119 4
119 25
119 75
119 89
119 94
119 118
119 132
119 142
119 145
119 161
119 178
120 4
120 182
121 122
121 145
122 4
122 145
123 108
124 9
124 12
124 16
124 42
124 44
124 47
124 53
124 54
124 56
124 58
124 60
124 67
124 77
124 80
124 82
124 101
124 102
124 103
124 111
124 112
124 125
124 134
124 136
124 153
124 154
124 155
124 174
125 3
125 12
125 16
125 44
125 47
125 53
125 54
125 56
125 58
125 60
125 67
125 72
125 77
125 80
125 82
125 92
125 101
125 102
125 103
125 112
125 124
125 134
125 136
125 153
125 154
125 155
125 174
126 4
126 119
126 145
126 161
127 8
127 29
127 30
127 60
127 77
127 174
128 4
128 60
128 138
128 142
128 145
129 4
129 32
129 76
129 119
129 142
129 145
129 161
129 174
130 37
130 40
130 50
130 108
131 5
131 31
131 37
131 145
132 4
132 89
132 118
132 119
132 145
132 161
132 174
133 132
133 145
133 161
134 9
134 12
134 16
134 43
134 44
134 47
134 53
134 56
134 58
134 60
134 67
134 74
134 77
134 82
134 102
134 103
134 112
134 124
134 125
134 136
134 153
134 154
134 155
134 174
135 32
135 145
136 12
136 16
136 23
136 44
136 47
136 53
136 56
136 58
136 60
136 67
136 77
136 80
136 82
136 102
136 103
136 111
136 112
136 124
136 125
136 134
136 153
136 154
136 155
136 174
137 5
137 23
137 130
137 145
138 2
138 4
138 17
138 50
138 79
138 97
138 142
138 145
138 174
139 3
139 9
139 12
139 16
139 30
139 43
139 44
139 47
139 53
139 54
139 56
139 58
139 60
139 67
139 72
139 74
139 77
139 82
139 101
139 102
139 103
139 112
139 124
139 134
139 136
139 153
139 154
139 155
139 174
140 20
140 32
140 76
140 86
142 4
142 51
142 79
142 93
142 97
142 119
142 138
142 145
143 4
143 51
143 142
143 145
144 4
144 33
144 64
144 104
144 110
144 145
144 147
145 75
145 89
145 118
145 119
145 132
145 161
145 178
146 32
146 161
147 33
147 62
147 64
147 144
147 145
148 40
148 108
148 130
148 145
149 4
149 23
149 145
151 4
151 53
151 60
151 85
151 124
151 136
151 145
152 23
153 9
153 12
153 16
153 42
153 43
153 44
153 47
153 53
153 54
153 56
153 58
153 60
153 67
153 72
153 74
153 77
153 80
153 82
153 92
153 101
153 102
153 103
153 111
153 112
153 124
153 125
153 134
153 136
153 154
153 155
153 174
154 9
154 12
154 16
154 19
154 42
154 43
154 44
154 47
154 53
154 56
154 58
154 60
154 67
154 72
154 74
154 77
154 80
154 82
154 102
154 103
154 111
154 112
154 124
154 125
154 134
154 136
154 150
154 153
154 155
154 174
155 9
155 12
155 16
155 42
155 44
155 47
155 53
155 54
155 56
155 58
155 60
155 67
155 77
155 80
155 82
155 101
155 102
155 103
155 111
155 124
155 125
155 134
155 136
155 153
155 154
156 145
157 4
157 145
158 4
158 32
158 51
158 84
158 95
159 145
159 161
160 62
160 122
161 4
161 75
161 89
161 94
161 118
161 119
161 132
161 145
161 174
161 178
162 32
162 76
162 86
162 140
162 175
163 4
164 161
165 8
165 32
165 60
165 76
165 85
165 127
165 145
166 24
166 31
166 145
167 4
167 49
167 145
167 174
168 12
168 44
168 47
168 53
168 58
168 60
168 67
168 77
168 82
168 102
168 124
168 174
170 87
170 145
172 9
172 44
172 47
172 53
172 58
172 82
172 124
172 134
173 5
173 23
173 31
173 108
174 8
174 12
174 23
174 29
174 44
174 53
174 58
174 60
174 77
174 81
174 82
174 85
174 92
174 102
174 108
174 124
174 145
175 32
175 76
175 86
175 140
176 24
176 145
177 4
177 23
177 30
177 32
177 44
177 53
177 58
177 60
177 76
177 82
177 85
177 124
177 142
177 145
177 174
178 4
178 119
178 145
178 161
179 145
179 161
180 161
181 4
181 51
181 119
181 138
181 142
181 145
181 161
182 4
182 32
182 76
182 161
183 145
183 182
184 4
184 145
